A,LPPR,FRANCISCO SA CARNEIR,41.235556,-8.678056,227,4000,0,11400,0
R,17,172,11417,148,1,109.900,172,41.260681,-8.684561,151,2.72,52,1,0
R,35,352,11417,148,0,0.000,0,41.233886,-8.677536,227,3.00,50,1,0

SID,ASMO1R,17,5
CF,XAPIM,41.078056,-8.636667,0,PRT,171.8,11.9,172.0,10.0,2,3000,0,0,0,0,0,0, 
TF,PR633,41.058611,-8.766111,0, ,0.0,0.0,0.0,0.0,2,4000,0,0,0,0,0,0, 
TF,ASMOV,40.969392,-9.347036,0, ,0.0,0.0,0.0,0.0,2,10000,0,0,0,0,0,0, 

SID,ASMO1W,35,5
CF,UDRUB,41.424167,-8.727500,0,PRT,351.8,9.2,352.0,10.0,2,3000,0,0,0,0,0,0, 
TF,PR613,41.404722,-8.857778,0, ,0.0,0.0,0.0,0.0,2,4000,0,0,0,0,0,0, 
TF,ASMOV,40.969392,-9.347036,0, ,0.0,0.0,0.0,0.0,2,10000,0,0,0,0,0,0, 

SID,BELD8E,35,5
CF,UDRUB,41.424167,-8.727500,0,PRT,351.8,9.2,352.0,10.0,2,3000,0,0,0,0,0,0, 
TF,PR614,41.443611,-8.597222,0, ,0.0,0.0,0.0,0.0,2,4000,0,0,0,0,0,0, 
TF,PR656,41.411944,-8.285556,0, ,0.0,0.0,0.0,0.0,2,7000,0,0,0,0,0,0, 
TF,BELDU,41.358611,-7.777222,0, ,0.0,0.0,0.0,0.0,2,10000,0,0,0,0,0,0, 

SID,BELD8L,17,5
CF,XAPIM,41.078056,-8.636667,0,PRT,171.8,11.9,172.0,10.0,2,3000,0,0,0,0,0,0, 
TF,PR634,41.097500,-8.506667,0, ,0.0,0.0,0.0,0.0,2,4000,0,0,0,0,0,0, 
TF,PR658,41.186111,-8.261389,0, ,0.0,0.0,0.0,0.0,2,7000,0,0,0,0,0,0, 
TF,BELDU,41.358611,-7.777222,0, ,0.0,0.0,0.0,0.0,2,10000,0,0,0,0,0,0, 

SID,MANI1E,35,5
CF,UDRUB,41.424167,-8.727500,0,PRT,351.8,9.2,352.0,10.0,2,3000,0,0,0,0,0,0, 
TF,PR614,41.443611,-8.597222,0, ,0.0,0.0,0.0,0.0,2,4000,0,0,0,0,0,0, 
TF,PR634,41.097500,-8.506667,0, ,0.0,0.0,0.0,0.0,2,7000,0,0,0,0,0,0, 
TF,MANIK,40.691944,-8.616111,0, ,0.0,0.0,0.0,0.0,2,10000,0,0,0,0,0,0, 

SID,MANI1R,17,5
CF,XAPIM,41.078056,-8.636667,0,PRT,171.8,11.9,172.0,10.0,2,3000,0,0,0,0,0,0, 
TF,PR665,40.942500,-8.629444,0, ,0.0,0.0,0.0,0.0,2,6000,0,0,0,0,0,0, 
TF,MANIK,40.691944,-8.616111,0, ,0.0,0.0,0.0,0.0,2,10000,0,0,0,0,0,0, 

SID,MANI1W,35,5
CF,UDRUB,41.424167,-8.727500,0,PRT,351.8,9.2,352.0,10.0,2,3000,0,0,0,0,0,0, 
TF,PR613,41.404722,-8.857778,0, ,0.0,0.0,0.0,0.0,2,4000,0,0,0,0,0,0, 
TF,PR633,41.058611,-8.766111,0, ,0.0,0.0,0.0,0.0,2,7000,0,0,0,0,0,0, 
TF,MANIK,40.691944,-8.616111,0, ,0.0,0.0,0.0,0.0,2,10000,0,0,0,0,0,0, 

SID,MANI5S,17,2
CD, ,0.000000,0.000000,0,PRT,0,0.0,172.0,12.0,2,3000,0,0,0,0,0,0, 
CF,D178T,40.940925,-8.646686,0,PRT,177.6,20.0,178.0,8.0,2,6000,0,0,0,0,0,0, 
TF,MANIK,40.691944,-8.616111,0, ,0.0,0.0,0.0,0.0,0,0,0,0,0,0,0,0, 

SID,PESU8E,35,5
CF,UDRUB,41.424167,-8.727500,0,PRT,351.8,9.2,352.0,10.0,2,3000,0,0,0,0,0,0, 
TF,PR614,41.443611,-8.597222,0, ,0.0,0.0,0.0,0.0,2,4000,0,0,0,0,0,0, 
TF,PR660,41.105833,-8.305833,0, ,0.0,0.0,0.0,0.0,2,7000,0,0,0,0,0,0, 
TF,PESUL,40.881944,-8.115000,0, ,0.0,0.0,0.0,0.0,2,10000,0,0,0,0,0,0, 

SID,PESU8L,17,5
CF,XAPIM,41.078056,-8.636667,0,PRT,171.8,11.9,172.0,10.0,2,3000,0,0,0,0,0,0, 
TF,PR664,41.001389,-8.431667,0, ,0.0,0.0,0.0,0.0,2,7000,0,0,0,0,0,0, 
TF,PESUL,40.881944,-8.115000,0, ,0.0,0.0,0.0,0.0,2,10000,0,0,0,0,0,0, 

SID,TURO5N,35,2
CA,0,352.0,2,3000,0,0,0,0,0,0, 
CF,D010T,41.604253,-8.636361,0,PRT,9.7,20.0,10.0,17.0,2,6000,0,0,0,0,0,0, 
TF,TURON,42.067917,-8.563417,0, ,0.0,0.0,0.0,0.0,0,0,0,0,0,0,0,0, 

SID,TURO8E,35,5
CF,UDRUB,41.424167,-8.727500,0,PRT,351.8,9.2,352.0,10.0,2,3000,0,0,0,0,0,0, 
TF,PR674,41.606389,-8.681389,0, ,0.0,0.0,0.0,0.0,2,7000,0,0,0,0,0,0, 
TF,TURON,42.067917,-8.563417,0, ,0.0,0.0,0.0,0.0,2,10000,0,0,0,0,0,0, 

SID,TURO8L,17,5
CF,XAPIM,41.078056,-8.636667,0,PRT,171.8,11.9,172.0,10.0,2,3000,0,0,0,0,0,0, 
TF,PR634,41.097500,-8.506667,0, ,0.0,0.0,0.0,0.0,2,4000,0,0,0,0,0,0, 
TF,PR638,41.582778,-8.523611,0, ,0.0,0.0,0.0,0.0,2,7000,0,0,0,0,0,0, 
TF,TURON,42.067917,-8.563417,0, ,0.0,0.0,0.0,0.0,2,10000,0,0,0,0,0,0, 

SID,TURO8R,17,5
CF,XAPIM,41.078056,-8.636667,0,PRT,171.8,11.9,172.0,10.0,2,3000,0,0,0,0,0,0, 
TF,PR633,41.058611,-8.766111,0, ,0.0,0.0,0.0,0.0,2,4000,0,0,0,0,0,0, 
TF,PR613,41.404722,-8.857778,0, ,0.0,0.0,0.0,0.0,2,4000,0,0,0,0,0,0, 
TF,PR641,41.600556,-8.771667,0, ,0.0,0.0,0.0,0.0,2,7000,0,0,0,0,0,0, 
TF,TURON,42.067917,-8.563417,0, ,0.0,0.0,0.0,0.0,2,10000,0,0,0,0,0,0, 

SID,UBAN1R,17,5
CF,XAPIM,41.078056,-8.636667,0,PRT,171.8,11.9,172.0,10.0,2,3000,0,0,0,0,0,0, 
TF,PR633,41.058611,-8.766111,0, ,0.0,0.0,0.0,0.0,2,4000,0,0,0,0,0,0, 
TF,UBANI,41.557853,-9.239519,0, ,0.0,0.0,0.0,0.0,2,10000,0,0,0,0,0,0, 

SID,UBAN1W,35,5
CF,UDRUB,41.424167,-8.727500,0,PRT,351.8,9.2,352.0,10.0,2,3000,0,0,0,0,0,0, 
TF,UBANI,41.557853,-9.239519,0, ,0.0,0.0,0.0,0.0,2,10000,0,0,0,0,0,0, 

STAR,ABLE1M,17,5
IF,ABLEG,40.722778,-8.431111, ,0.0,0.0,0,0,0,0,0,0,0,0, 
TF,PR635,40.964722,-8.741389,0, ,0.0,0.0,0.0,0.0,0,0,0,0,0,0,0,0, 
TF,PR615,41.290278,-8.827500,0, ,0.0,0.0,0.0,0.0,0,0,0,0,0,0,0,0, 
TF,PR613,41.404722,-8.857778,0, ,0.0,0.0,0.0,0.0,0,0,0,0,0,0,0,0, 
TF,PR611,41.498889,-8.883611,0, ,0.0,0.0,0.0,0.0,0,0,0,0,0,0,0,0, 
TF,ADNOV,41.518244,-8.753164,0, ,0.0,0.0,0.0,0.0,0,0,0,0,0,0,0,0, 

STAR,ABLE1T,17,5
IF,ABLEG,40.722778,-8.431111, ,0.0,0.0,0,0,0,0,0,0,0,0, 
TF,PR636,41.003333,-8.482222,0, ,0.0,0.0,0.0,0.0,0,0,0,0,0,0,0,0, 
TF,PR616,41.329167,-8.567222,0, ,0.0,0.0,0.0,0.0,0,0,0,0,0,0,0,0, 
TF,PR614,41.443611,-8.597222,0, ,0.0,0.0,0.0,0.0,0,0,0,0,0,0,0,0, 
TF,PR612,41.537500,-8.622500,0, ,0.0,0.0,0.0,0.0,0,0,0,0,0,0,0,0, 
TF,ADNOV,41.518244,-8.753164,0, ,0.0,0.0,0.0,0.0,0,0,0,0,0,0,0,0, 

STAR,ABLE4C,35,5
IF,ABLEG,40.722778,-8.431111, ,0.0,0.0,0,0,0,0,0,0,0,0, 
TF,PR653,40.925000,-8.570869,0, ,0.0,0.0,0.0,0.0,0,0,0,0,0,0,0,0, 
TF,AKULU,40.984044,-8.611819,0, ,0.0,0.0,0.0,0.0,0,0,0,0,0,0,0,0, 

STAR,ASMO1A,35,5
IF,ASMOV,40.969392,-9.347036, ,0.0,0.0,0,0,0,0,0,0,0,0, 
TF,PR635,40.964722,-8.741389,0, ,0.0,0.0,0.0,0.0,0,0,0,0,0,0,0,0, 
TF,AKULU,40.984044,-8.611819,0, ,0.0,0.0,0.0,0.0,0,0,0,0,0,0,0,0, 

STAR,ASMO1M,17,5
IF,ASMOV,40.969392,-9.347036, ,0.0,0.0,0,0,0,0,0,0,0,0, 
TF,RETMO,41.227797,-9.013808,0, ,0.0,0.0,0.0,0.0,0,0,0,0,0,0,0,0, 
TF,PR611,41.498889,-8.883611,0, ,0.0,0.0,0.0,0.0,0,0,0,0,0,0,0,0, 
TF,ADNOV,41.518244,-8.753164,0, ,0.0,0.0,0.0,0.0,0,0,0,0,0,0,0,0, 

STAR,ASPO1T,17,5
IF,ASPOR,41.815139,-8.081194, ,0.0,0.0,0,0,0,0,0,0,0,0, 
TF,PR643,41.747500,-8.235556,0, ,0.0,0.0,0.0,0.0,0,0,0,0,0,0,0,0, 
TF,PR640,41.598056,-8.588889,0, ,0.0,0.0,0.0,0.0,0,0,0,0,0,0,0,0, 
TF,ADNOV,41.518244,-8.753164,0, ,0.0,0.0,0.0,0.0,0,0,0,0,0,0,0,0, 

STAR,ASPO4A,35,5
IF,ASPOR,41.815139,-8.081194, ,0.0,0.0,0,0,0,0,0,0,0,0, 
TF,PR639,41.740833,-8.223611,0, ,0.0,0.0,0.0,0.0,0,0,0,0,0,0,0,0, 
TF,PR638,41.582778,-8.523611,0, ,0.0,0.0,0.0,0.0,0,0,0,0,0,0,0,0, 
TF,PR613,41.404722,-8.857778,0, ,0.0,0.0,0.0,0.0,0,0,0,0,0,0,0,0, 
TF,PR631,41.165278,-8.794444,0, ,0.0,0.0,0.0,0.0,0,0,0,0,0,0,0,0, 
TF,PR633,41.058611,-8.766111,0, ,0.0,0.0,0.0,0.0,0,0,0,0,0,0,0,0, 
TF,PR635,40.964722,-8.741389,0, ,0.0,0.0,0.0,0.0,0,0,0,0,0,0,0,0, 
TF,AKULU,40.984044,-8.611819,0, ,0.0,0.0,0.0,0.0,0,0,0,0,0,0,0,0, 

STAR,ASPO4C,35,5
IF,ASPOR,41.815139,-8.081194, ,0.0,0.0,0,0,0,0,0,0,0,0, 
TF,PR637,41.703889,-8.164444,0, ,0.0,0.0,0.0,0.0,0,0,0,0,0,0,0,0, 
TF,PR655,41.423203,-8.292675,0, ,0.0,0.0,0.0,0.0,0,0,0,0,0,0,0,0, 
TF,PR636,41.003333,-8.482222,0, ,0.0,0.0,0.0,0.0,0,0,0,0,0,0,0,0, 
TF,AKULU,40.984044,-8.611819,0, ,0.0,0.0,0.0,0.0,0,0,0,0,0,0,0,0, 

STAR,ELGI1T,17,5
IF,ELGIX,41.521111,-7.673056, ,0.0,0.0,0,0,0,0,0,0,0,0, 
TF,VASIP,41.555000,-8.376111,0, ,0.0,0.0,0.0,0.0,0,0,0,0,0,0,0,0, 
TF,PR650,41.550278,-8.441944,0, ,0.0,0.0,0.0,0.0,0,0,0,0,0,0,0,0, 
TF,PR612,41.537500,-8.622500,0, ,0.0,0.0,0.0,0.0,0,0,0,0,0,0,0,0, 
TF,ADNOV,41.518244,-8.753164,0, ,0.0,0.0,0.0,0.0,0,0,0,0,0,0,0,0, 

STAR,INKI4C,35,5
IF,INKIT,41.180278,-7.890833, ,0.0,0.0,0,0,0,0,0,0,0,0, 
TF,DIVUT,41.028611,-8.325833,0, ,0.0,0.0,0.0,0.0,0,0,0,0,0,0,0,0, 
TF,PR646,41.015556,-8.407500,0, ,0.0,0.0,0.0,0.0,0,0,0,0,0,0,0,0, 
TF,PR636,41.003333,-8.482222,0, ,0.0,0.0,0.0,0.0,0,0,0,0,0,0,0,0, 
TF,AKULU,40.984044,-8.611819,0, ,0.0,0.0,0.0,0.0,0,0,0,0,0,0,0,0, 

STAR,MALI3C,35,5
IF,MALIS,41.855583,-7.604778, ,0.0,0.0,0,0,0,0,0,0,0,0, 
TF,DIVUT,41.028611,-8.325833,0, ,0.0,0.0,0.0,0.0,0,0,0,0,0,0,0,0, 
TF,PR646,41.015556,-8.407500,0, ,0.0,0.0,0.0,0.0,0,0,0,0,0,0,0,0, 
TF,PR636,41.003333,-8.482222,0, ,0.0,0.0,0.0,0.0,0,0,0,0,0,0,0,0, 
TF,AKULU,40.984044,-8.611819,0, ,0.0,0.0,0.0,0.0,0,0,0,0,0,0,0,0, 

STAR,MALI3T,17,5
IF,MALIS,41.855583,-7.604778, ,0.0,0.0,0,0,0,0,0,0,0,0, 
TF,VASIP,41.555000,-8.376111,0, ,0.0,0.0,0.0,0.0,0,0,0,0,0,0,0,0, 
TF,PR650,41.550278,-8.441944,0, ,0.0,0.0,0.0,0.0,0,0,0,0,0,0,0,0, 
TF,PR612,41.537500,-8.622500,0, ,0.0,0.0,0.0,0.0,0,0,0,0,0,0,0,0, 
TF,ADNOV,41.518244,-8.753164,0, ,0.0,0.0,0.0,0.0,0,0,0,0,0,0,0,0, 

STAR,PESU2T,17,5
IF,PESUL,40.881944,-8.115000, ,0.0,0.0,0,0,0,0,0,0,0,0, 
TF,PR618,41.118319,-8.296633,0, ,0.0,0.0,0.0,0.0,0,0,0,0,0,0,0,0, 
TF,PR612,41.537500,-8.622500,0, ,0.0,0.0,0.0,0.0,0,0,0,0,0,0,0,0, 
TF,ADNOV,41.518244,-8.753164,0, ,0.0,0.0,0.0,0.0,0,0,0,0,0,0,0,0, 

STAR,PESU4C,35,5
IF,PESUL,40.881944,-8.115000, ,0.0,0.0,0,0,0,0,0,0,0,0, 
TF,PR662,40.965053,-8.518436,0, ,0.0,0.0,0.0,0.0,0,0,0,0,0,0,0,0, 
TF,AKULU,40.984044,-8.611819,0, ,0.0,0.0,0.0,0.0,0,0,0,0,0,0,0,0, 

STAR,TURO1T,17,5
IF,TURON,42.067917,-8.563417, ,0.0,0.0,0,0,0,0,0,0,0,0, 
TF,PR673,41.605556,-8.723333,0, ,0.0,0.0,0.0,0.0,0,0,0,0,0,0,0,0, 
TF,ADNOV,41.518244,-8.753164,0, ,0.0,0.0,0.0,0.0,0,0,0,0,0,0,0,0, 

STAR,TURO4A,35,5
IF,TURON,42.067917,-8.563417, ,0.0,0.0,0,0,0,0,0,0,0,0, 
TF,PR641,41.600556,-8.771667,0, ,0.0,0.0,0.0,0.0,0,0,0,0,0,0,0,0, 
TF,PR613,41.404722,-8.857778,0, ,0.0,0.0,0.0,0.0,0,0,0,0,0,0,0,0, 
TF,PR631,41.165278,-8.794444,0, ,0.0,0.0,0.0,0.0,0,0,0,0,0,0,0,0, 
TF,PR633,41.058611,-8.766111,0, ,0.0,0.0,0.0,0.0,0,0,0,0,0,0,0,0, 
TF,PR635,40.964722,-8.741389,0, ,0.0,0.0,0.0,0.0,0,0,0,0,0,0,0,0, 
TF,AKULU,40.984044,-8.611819,0, ,0.0,0.0,0.0,0.0,0,0,0,0,0,0,0,0, 

STAR,TURO4C,35,5
IF,TURON,42.067917,-8.563417, ,0.0,0.0,0,0,0,0,0,0,0,0, 
TF,PR645,41.583511,-8.526147,0, ,0.0,0.0,0.0,0.0,0,0,0,0,0,0,0,0, 
TF,PR636,41.003333,-8.482222,0, ,0.0,0.0,0.0,0.0,0,0,0,0,0,0,0,0, 
TF,AKULU,40.984044,-8.611819,0, ,0.0,0.0,0.0,0.0,0,0,0,0,0,0,0,0, 

STAR,UBAN1A,35,5
IF,UBANI,41.557853,-9.239519, ,0.0,0.0,0,0,0,0,0,0,0,0, 
TF,RETMO,41.227797,-9.013808,0, ,0.0,0.0,0.0,0.0,0,0,0,0,0,0,0,0, 
TF,PR635,40.964722,-8.741389,0, ,0.0,0.0,0.0,0.0,0,0,0,0,0,0,0,0, 
TF,AKULU,40.984044,-8.611819,0, ,0.0,0.0,0.0,0.0,0,0,0,0,0,0,0,0, 

STAR,UBAN1M,17,5
IF,UBANI,41.557853,-9.239519, ,0.0,0.0,0,0,0,0,0,0,0,0, 
TF,ADNOV,41.518244,-8.753164,0, ,0.0,0.0,0.0,0.0,0,0,0,0,0,0,0,0, 

APPTR,D17,17,ADNOV
IF,ADNOV,41.518244,-8.753164, ,0.0,0.0,2,4000,0,0,0,0,1,0, 
CF,CF17,41.436647,-8.730869,0,PRT,351.8,10.0,172.0,5.0,0,0,0,0,0,0,1,0, 
CF,FD17,41.387581,-8.717408,0,PRT,352.0,7.0,172.0,3.0,2,2500,0,0,0,0,0,0, 

FINAL,D17,17,D,2,0, ,0,0,0,0
IF,FD17,41.387581,-8.717408,PRT,352.0,7.0,2,2500,0,0,0,0,2,0, 
CF,PRT,41.273000,-8.687833,0,PRT,0.0,0.0,172.0,7.0,1,423,0,0,0,0,3,0, 
CA,0,172.0,2,3000,0,0,0,0,0,0, 
CI,2, ,0.0,323.0,0,0,0,0,0,0,0,0, 
CF,RETMO,41.227797,-9.013808,0,PRT,262.7,15.0,263.0,12.0,1,6000,0,0,0,0,0,0, 
HM,RETMO,41.227797,-9.013808,2, ,0.0,0.0,83.0,05,2,6000,0,1,230,0,0,0, ,

APPTR,D35,35,AKULU
IF,AKULU,40.984044,-8.611819, ,0.0,0.0,2,4000,0,0,0,0,1,0, 
CF,CD35,41.109292,-8.645761,0,PRT,172.0,10.0,352.0,7.7,0,0,0,0,0,0,1,0, 
CF,FD35,41.158611,-8.657778,0,PRT,171.8,7.0,352.0,3.0,2,1700,0,0,0,0,0,0, 

FINAL,D35,35,D,3,0, ,0,0,0,0
IF,FD35,41.158611,-8.657778,PRT,171.8,7.0,2,1700,0,0,0,0,2,0, 
CF,40VOR,41.207569,-8.670622,0,PRT,171.8,4.0,352.0,3.0,2,790,0,0,0,0,0,0, 
CF,MD35,41.223889,-8.675186,0,PRT,172.0,3.0,352.0,1.0,1,472,0,0,0,0,3,0, 
CA,0,352.0,2,3000,0,0,0,0,0,0, 
CI,1, ,0.0,223.0,0,0,0,0,0,0,0,0, 
CF,RETMO,41.227797,-9.013808,0,PRT,262.7,15.0,263.0,12.0,1,6000,0,0,0,0,0,0, 
HM,RETMO,41.227797,-9.013808,2, ,0.0,0.0,83.0,05,2,6000,0,1,230,0,0,0, ,

APPTR,I17,17,ADNOV
IF,ADNOV,41.518244,-8.753164, ,0.0,0.0,2,4000,0,0,0,0,1,0, 
CF,CF17,41.436647,-8.730869,0,PR,351.8,12.6,172.0,5.0,2,3390,0,0,0,0,1,0, 

FINAL,I17,17,I,3,109.900,PR,172.0,2,1,2.7
IF,CF17,41.436647,-8.730869,PR,351.8,12.6,2,3390,0,0,0,0,0,0, 
CF,FI17,41.397392,-8.720517,0,PR,351.8,10.2,172.0,2.4,1,2657,0,0,0,0,2,0, 
CF,RW17,41.260681,-8.684561,0,PR,351.8,1.9,172.0,8.4,1,203,0,0,0,0,3,0, 
CA,0,172.0,2,3000,0,0,0,0,0,0, 
CI,2, ,0.0,323.0,0,0,0,0,0,0,0,0, 
CF,RETMO,41.227797,-9.013808,0,PRT,262.7,15.0,263.0,12.0,1,6000,0,0,0,0,0,0, 
HM,RETMO,41.227797,-9.013808,2, ,0.0,0.0,83.0,05,2,6000,0,1,230,0,0,0, ,

APPTR,R35,35,AKULU
IF,AKULU,40.984044,-8.611819, ,0.0,0.0,2,4000,0,0,0,0,1,0, 
TF,PR541,41.061011,-8.632356,0, ,0.0,0.0,0.0,0.0,2,3000,0,0,0,0,1,0, 

FINAL,R35,35,R,3,0, ,0,0,0,0
IF,PR541,41.061011,-8.632356, ,0.0,0.0,2,3000,0,0,0,0,0,0, 
TF,PR542,41.093897,-8.640931,0, ,0.0,0.0,352.0,2.0,1,3000,0,0,0,0,2,0, 
TF,PR543,41.233886,-8.677536,0, ,0.0,0.0,352.0,8.6,1,277,0,0,0,0,3,1, 
TF,PR544,41.315678,-8.698997,0, ,0.0,0.0,0.0,0.0,0,0,0,0,0,0,0,0, 
TF,RETMO,41.227797,-9.013808,1, ,0.0,0.0,0.0,0.0,1,6000,0,0,0,0,0,1, 
HM,RETMO,41.227797,-9.013808,2, ,0.0,0.0,83.0,04.3,2,6000,0,1,230,0,0,0, ,

M,41.348000,-8.707528,00228,1,17,169.0

P,0,41.235556,-8.678056,0,0, 
P,1,41.241314,-8.676614,0,0, 
P,2,41.240675,-8.676467,0,0, 
P,3,41.240033,-8.676294,0,0, 
P,S01,41.234261,-8.671686,0,0, 
P,S02,41.234853,-8.671869,0,0, 
P,S03,41.235356,-8.671992,0,0, 
P,S08,41.233775,-8.671844,0,0, 
P,S09,41.234250,-8.671844,0,0, 
P,S10,41.233772,-8.671308,0,0, 
P,S11,41.234261,-8.671803,0,0, 
P,S12,41.234458,-8.672547,0,0, 
P,S20,41.233853,-8.674736,0,0, 
P,S21,41.234214,-8.674831,0,0, 
P,S22,41.234572,-8.674925,0,0, 
P,S23,41.234933,-8.675017,0,0, 
P,S24,41.235292,-8.675111,0,0, 
P,S25,41.235653,-8.675206,0,0, 
P,S30,41.235061,-8.672719,0,0, 
P,S31,41.235456,-8.672169,0,0, 
P,S32,41.235931,-8.672061,0,0, 
P,S33,41.236425,-8.672214,0,0, 
P,S34,41.236889,-8.672358,0,0, 
P,S35,41.237383,-8.672481,0,0, 
P,S36,41.237847,-8.672817,0,0, 
P,S37,41.238019,-8.673522,0,0, 
P,S38,41.238328,-8.673669,0,0, 
P,S40,41.236844,-8.675586,0,0, 
P,S41,41.237356,-8.675717,0,0, 
P,S42,41.237864,-8.675850,0,0, 
P,S43,41.238492,-8.676017,0,0, 
P,S50,41.238719,-8.673692,0,0, 
P,S51,41.238731,-8.673642,0,0, 
P,S52,41.238947,-8.673728,0,0, 
P,S53,41.239150,-8.673044,0,0, 
P,S54,41.239706,-8.672772,0,0, 
P,S55,41.240183,-8.672906,0,0, 
P,S56,41.239750,-8.672686,0,0, 
P,S57,41.240606,-8.673019,0,0, 
P,S60,41.239853,-8.676431,0,0, 
P,S61,41.240194,-8.676519,0,0, 
P,S62,41.240536,-8.676611,0,0, 
P,S63,41.240878,-8.676700,0,0, 
P,S64,41.241219,-8.676789,0,0, 
P,S65,41.241561,-8.676878,0,0, 
P,S66,41.241903,-8.676969,0,0, 
P,S70,41.241067,-8.673183,0,0, 
P,S71,41.241517,-8.673364,0,0, 
P,S72,41.241756,-8.673322,0,0, 
P,S73,41.241925,-8.673469,0,0, 
P,W,41.235256,-8.682247,0,0, 
